86
308
275
463
651
396
882
997
802
687
187
402
922
74
361
114
791
519
95
816
693
605
391
465
284
125
497
368
381
140
791
223
811
882
469
183
85
845
526
964
384
691
977
167
201
170
323
857
383
310
86
393
279
590
6
491
193
211
588
382
672
567
796
231
615
221
881
831
775
339
489
70
709
209
419
402
976
621
820
936
992
284
376
598
594
198
446
202
344
351
405
795
773
110
530
42
310
68
556
76
836
834
942
631
902
543
259
414
324
221
361
915
822
639
987
560
659
257
562
930
789
220
702
203
601
741
63
667
436
32
680
145
529
926
419
691
976
400
359
232
328
799
317
566
813
874
563
110
749
827
799
560
564
174
70
171
295
463
685
973
941
39
131
732
962
603
250
639
693
449
338
556
529
167
126
78
73
82
866
882
724
320
73
838
41
938
662
799
548
458
208
646
989
93
377
535
18
252
103
213
979
957
281
981
403
737
206
637
590
474
382
337
774
915
364
714
664
404
275
699
563
856
390
674
328
604
932
974
669
359
144
787
972
441
263
488
625
385
738
977
992
679
603
318
229
42
196
23
781
126
490
570
913
974
569
707
843
123
770
174
752
862
119
220
150
288
232
256
663
443
637
421
124
107
251
462
925
319
12
313
804
231
631
537
25
529
606
950
608
435
686
3
959
911
242
692
331
222
488
930
395
10
77
597
612
149
548
261
691
271
89
556
873
416
444
27
440
307
569
808
484
18
509
513
629
220
643
872
753
784
444
674
214
324
388
893
365
727
225
918
322
503
807
405
144
967
119
525
473
177
718
708
915
860
321
659
239
530
102
650
731
609
574
28
302
332
639
394
355
741
118
862
855
473
290
982
877
271
203
275
57
495
536
798
562
276
936
478
280
909
633
512
332
301
189
795
903
917
226
558
35
931
512
401
157
258
925
629
260
285
212
873
636
553
933
818
547
158
974
965
597
25
462
228
698
345
610
436
700
148
433
919
983
454
466
330
873
558
789
605
922
860
199
794
349
778
911
380
19
919
781
878
169
690
578
780
16
553
955
786
746
413
727
928
428
938
840
446
687
576
6
378
881
73
951
347
864
568
763
888
143
290
723
698
241
132
81
307
89
720
787
450
4
341
9
821
631
713
358
841
586
854
252
112
894
247
448
559
978
278
12
755
105
451
67
544
656
58
687
638
27
354
422
592
743
30
891
986
562
769
905
270
263
379
307
867
477
554
470
843
199
255
544
368
150
255
721
570
483
762
799
143
57
907
241
567
782
53
353
939
691
118
972
602
529
354
806
631
491
791
238
891
634
400
945
650
923
313
626
797
437
238
215
467
519
896
519
12
238
301
655
972
396
699
803
577
852
969
466
305
530
729
963
402
992
454
444
671
242
998
753
676
819
460
913
639
41
765
508
843
347
788
920
834
915
292
651
702
742
154
83
700
991
109
841
749
220
643
188
195
489
601
650
412
24
974
129
166
371
877
628
47
912
573
625
544
618
670
359
166
600
882
541
604
943
502
437
952
683
300
455
928
715
351
298
41
329
937
405
532
617
884
132
166
129
771
406
354
823
404
763
236
545
694
651
325
668
353
730
758
88
117
215
827
883
698
860
22
954
825
967
365
735
183
7
561
555
988
715
972
284
859
140
566
466
520
946
723
372
704
740
92
600
682
633
225
911
353
804
297
990
354
797
133
257
25
57
199
690
754
963
338
983
598
692
686
930
501
62
834
89
698
111
382
646
287
609
237
593
229
46
499
258
248
320
513
603
902
279
746
1
874
403
72
75
977
441
168
610
872
315
391
633
104
496
423
319
904
563
827
855
373
983
403
489
919
495
395
1
291
59
182
916
369
143
715
243
689
926
921
161
663
869
821
518
688
970
68
766
320
970
503
548
810
953
883
679
123
461
457
47
483
324
553
313
81
547
341
517
602
240
741
265
221
207
496
798
142
713
153
232
965
659
893
500
602
611
447
417
104
229
478
41
91
851
645
265
703
587
972
892
310
762
704
934
214
790
108
820
309
722
897
273
537
746
562
114
472
350
589
83
545
764
758
499
622
542
390
594
535
818
355
660
707
408
277
237
149
254
461
723
225
135
841
83
162
627
984
940
113
888
7
320
364
926
693
681
376
448
730
728
772
845
838
600
837
270
513
210
903
611
519
793
503
191
605
765
754
314
117
125
648
140
457
141
179
806
448
815
894
269
434
6
940
632
378
174
767
729
439
256
9
640
870
377
882
83
592
417
726
178
548
729
658
118
601
245
235
154
137
